-0.9355923386941906
-0.907536105869863
-0.14071949542186168
0.9375015225617223
-0.9461712546105258
0.9340694397938902
0.7734911045106744
0.03967292851239369
0.8987287075238155
-0.9367809927701731
0.9249455163995398
-0.9368093656901701
-0.22616046053098485
0.9338650257471797
0.919851842983932
0.6211636488688818
0.06158155701505856
0.8193440369156088
-0.8875252117610026
0.3310111577405937
0.859458792847605
0.2942715981470303
-0.9426962710080697
0.8899051862507513
-0.9247832995027512
0.6061029591457845
0.9301655786470007
-0.9313656480078697
0.8985283899330141
0.7847176620079229
0.2330497376105044
-0.2909165973348695
0.8724337744737611
-0.8844191150630063
0.8674632965177529
-0.8935532931113324
0.8485602331957831
0.8794360092508958
0.47083308193004214
-0.9383038558607202
0.8388247458776221
0.4976229685271031
0.41263626688879274
-0.5381016996261969
0.7775849218042077
0.4835940678000506
-0.15593120303353902
0.7977443078899532
0.40642763618836375
-0.9099317987276675
0.88322649844455
0.7854868650227447
0.5453454565802123
-0.17342250538107074
-0.9065413212179705
0.8869442040890184
0.7565982720598915
0.10146865764440914
-0.015563587320759428
0.8347255531004134
0.14774948847390204
-0.9290854049775493
0.882366793652557
0.8156395068926833
0.19604783459294092
0.8960200131040471
-0.8643605523359456
0.8191793310938197
-0.8726472360107306
0.8013202376639704
0.8243063735720724