0.01
0.09582273676557007
0.2217983621649744
0.26779139562811344
0.38973075459827367
0.45111773027862906
0.5375262164045176
0.6581348298640345
0.7131790772795135
0.756338187990105
0.8771533200741374
0.9136392052478628
1.0360708213091683
1.07959378016518
1.1832063448943995
1.3055720413031826
1.3537092656883316
1.4129317283875757
1.5326642672444464
1.617651107779741
1.7324329529164637
1.844248385308893
1.915183926374304
2.025610068771435
2.0285315439820186
2.143219431577036
2.219675169344221
2.3407505304976515
2.382077498154074
2.504372107295664
2.547122752110867
2.6597419186030775
2.7819336625663738
2.824884838305201
2.9436010608365875
3.0000427856141565
3.1189093248151476
3.1616971119811037
3.2828409109023258
3.313698567004998
3.432020872015858
3.484200192658242
3.601971783305258
3.6425705793914145
3.7624227117008013
3.879406427937072
3.9538771188941113
4.067227131105837
4.179818730981725
4.208146051062821
4.322347516993518
4.353283489757006
4.469409764207735
4.5826880180240455
4.597464201462218
4.710965422630633
4.75331416478319
4.872141397503083
4.915719347819323
5.036718460170649
5.0747597941875915
5.192547945028154
5.234296781159512
5.35137295112153
5.393286989145258
5.512166621391258
5.625971496208724
5.711371529730278
5.8264522205213645
5.938569503061932
6.008821600360874
6.11942335656183
6.162734312040434
6.278514510258153
6.314775705290589
6.433069985569157
6.472369381746272
6.588145365393871
6.663718204177251
6.778063943496455
6.856490577846116
6.97640539035395
7.037555842512752
7.159093929368573
7.199600069963815
7.318240744389304
7.371814537495136
7.4890283310017915
7.548513415416886
7.668572558916921
7.708710717071298
7.826279326099355
7.861737628603512
7.978530822956013
8.040989407963531
8.160232817860896
8.200307990809527
8.316809955560924
8.390450957184074
8.454328179510794
8.570877692490132
8.633163712173928
8.752688334241306
8.792545011941934
8.90976199179626
8.944520398054868
9.05792970943915
9.099998736736797
9.212939203225595
9.252046755528527
9.370294434503997
9.405489477874557
9.525368265260383
9.56493792065351
9.68154754795095
9.718188168277473
9.834394069882629
9.877129164840845
9.995225177737556
10.03448139859882
10.149272977850597
10.261220809148421
10.327458161150627
10.438347113228653
10.47651606615854
10.592767978758761
10.628638091655493
10.746952968945482
10.786356691322387
10.804585910220748
10.920000156318231
10.960941329931462
11.075546197368146
11.130255706217863
11.246906054701041
11.36055406967378
11.431712469102894
11.543672145348536
11.576516284868529
11.692883420199887