0
0.012400000000000001
0.03728292947428119
0.06423458788639297
0.0938161722047361
0.12388686846060085
0.14911453636816194
0.19810198494086498
0.22723376146861318
0.25185846196042055
0.26394020009459496
0.3130497863859354
0.34010142930715376
0.3461349278242886
0.37581673994964193
0.39073121123383975
0.42231592346859786
0.45356868702654607
0.4784314440229601
0.4788813353978936
0.5085973717448227
0.550860723264851
0.5757269951941141
0.5912120712874489
0.5937511653290328
0.5943650716312966
0.6240742680533046
0.6532077171800568
0.6988557051410988
0.7349500613922083
0.7598353127443401
0.7864424796125241
0.8263717838799174
0.8704557850132316
0.9013771539371619
0.9408436311981828
0.9711966104501237
1.0204634501956018
1.0409955943896978
1.0414161335996055
1.0711323968897333
1.096015232250377
1.1215254706560207
1.140779219222591
1.188921253491543
1.1904158314671096
1.1911053620647383
1.2158451907160481
1.2543525736929935
1.261747273910559
1.3108574098188617
1.3114713966467941
1.3411827290066856
1.3702323178621099
1.4153225220726209
1.4593303567820035
1.4644361551053988
1.493573177821478
1.5369765228663739
1.5860919782830485
1.633815351061452
1.6831470726561948
1.6837609184894946
1.713479067481551
1.7206241310787194
1.7697322333467156
1.7927225693495341
1.8175623034342165
1.840204558440678
1.8650655435492103
1.8877115708835597
1.9368109006195604
1.985865965385975
2.0140367184141406
2.0150069217266178
2.044715943141292
2.069565613448549
2.1167167871552297
2.1310459377674666
2.1606749564730148
2.209785103037094
2.2331689182439467
2.2821857129237375
2.2834504460913494
2.313148969994394
2.3198415334293765
2.3561878664569247
2.3659155293460246
2.366386069197118
2.3960841720794592
2.3978658551596896
2.4275581345945585
2.43265854162049
2.439501613687837
2.4633074165643536
2.4665698740522646
2.4913877200899286
2.540469981787556
2.587747020263797
2.616291665118778
2.6598813657342295
2.6898660181089724
2.716292143797048
2.7205519202991812
2.721210938073201
2.7509270334245466
2.7515538061106652
2.7793850435686887
2.8284939249840875
2.8575975917350798
2.894582299173702
2.9376207146672138
2.9382346649923248
2.9629990078735635
2.9723438118591416
2.97316635423591
3.0028828400275107
3.027744645787897
3.028453233563626
3.028873174073196
3.0534588067123067
3.0546192379975095
3.055028603310421
3.0847452823726824