0.01
0.02979906540001354
0.03449097948631991
0.05355715619575299
0.07176114014796248
0.08034250594889558
0.0973767846368854
0.11376452950240705
0.12480060684967519
0.14035482709786046
0.15568205724876286
0.1701792153925472
0.18579193662933832
0.20249886499536526
0.22024043243911198
0.2203694232266514
0.23901588107344804
0.2584361591865965
0.26888891963138556
0.28893533882263644
0.30868988419283755
0.32816906806895607
0.34758121717983304
0.3654195694936508
0.38561585371894463
0.40571076711844306
0.4239565708044102
0.443718522029497
0.46316231710495326
0.47205034900000337
0.49148037370470904
0.495595166895536
0.5154009977356954
0.5352021420818102
0.5550379148725841
0.5749309144244205
0.593111825722705
0.6129820031190452
0.6326118611844822
0.646311573267837
0.6581563064264997
0.6779399782226245
0.6974551462985471
0.7160944311267778
0.7354954510971806
0.7452383161422554
0.7649584831274321
0.7841640641122034
0.8028586395470808
0.8057745768199923
0.8243557681032108
0.8433727915969027
0.8628240594192499
0.8652917393866376
0.8850162658588808
0.9047343639883925
0.9143207796041994
0.9152087494457325
0.9348471930264068
0.9542369066640252
0.9728357061189781
0.9916412554721936
1.010018945034909
1.0279733870309398
1.045510871355276
1.0494231394934215
1.0672387443137086
1.086196932635425
1.0958344247563108
1.115765162009526
1.126564889569393
1.1315931554621148
1.132820964029425
1.1526582954149212
1.172179020653616
1.190833906638668
1.2099764051015762
1.229353157778583
1.2474149255422646
1.267327494650547
1.2870217600029552
1.3065000034988616
1.3257681276594162
1.3365613069594091
1.3558406405367085
1.3754117101890542
1.3951096315663292
1.4071379473138745
1.4264591717215693
1.445290578104001
1.4544746733950276
1.4733670773295968
1.4922922625579185
1.5047895961928373
1.523526160595916
1.5420855399676872
1.5606146124693419
1.5790489104022036
1.5973984789672915
1.6152634508997117
1.63265423599656
1.649582197883537
1.656365284638343
1.673512201295446
1.691750629238365
1.7106840952535363
1.7124504447860132
1.7314099818708852
1.7499230388486953
1.7680004672775265
1.7847232006191185
1.8026933712011841
1.8212669018500751
1.8400075648804628
1.8406687825307362
1.8592632636477917
1.8775765791494161
1.895599147676231
1.9133243971086673
1.9294814557663236
1.94723140587958
1.9659045771167916
1.9669261999755556
1.9677351076634102
1.9864387404485748
2.004144018860609
2.020794105121078
2.0383348014527205
2.056757122045148
2.066065024035228
2.0849472694647297
2.1031421227168146
2.113023634752699
2.1304320885604855
2.1458036943112364
2.161676423827062
2.176851306630843
2.1917902548270316
2.2068012423435146
2.219196989949002
2.2215173230694676
2.2226052899408235
2.238734079699429
2.2550963664086665
2.2628432763909965
2.2795409105170514
2.2966333023834946
2.3137874874849755
2.3283132527310166
2.3411912380360325
2.3592484540588416
2.3776441349781443
2.3961368978411706
2.4146176844121316
2.431403451743583
2.4325314070290425
2.451052688567739
2.4697401795154357
2.4879029216453494
2.506351217801448
2.5243335112049534
2.5402145169603214
2.5578383199264763
2.5759983045198873
2.5946733747486834
2.6138509971898096
2.623804128850416
2.643127672404987
2.6617428207825142
2.6797892297532173
2.697771617004453
2.705108543197058
2.7144618000889964
2.7330334029021537
2.752084234743429
2.769634634333603
2.7883031812251
2.805872525500245
2.8224490843825714
2.8385247247898087
2.8440271584459316
2.8609785088684334
2.879098505290767
2.8978892985168256
2.9169396745830825
2.9343319396225405
2.9533768281142856
2.9723923979211233
2.9913717679973693
3.010318013827699
3.02493596355163
3.043900357542528
3.0629375060880033
3.082036602813862
3.1011937727006456
3.119125321666194
3.1203122556567053
3.1396697430294362
3.1589489580947245
3.1776594850242996
3.191234097420835
3.210448446021776
3.2305826123821753
3.2516298457834445
3.2735951613750385
3.294413946405711
3.3183322053800373
3.343491319023506
3.3512531799860366
3.375290562995311
3.395125508871009
3.4032167960643247
3.419835918471109
3.438285250301486
3.443465988520675
3.4631284450045285
3.482425560605259
3.4916812720647554
3.51053602706254
3.5291507151979995
3.5340369902483526
3.5525679355662625
3.5712793499222992
3.5901721532711806
3.609250937679416
3.6267797962931243
3.645151515232614
3.6615775588164383
3.6760980338734175
3.688763948378134
3.6986845356615015
3.7092195743448833
3.7204767744304976
3.730189717838388
3.7313828861577734
3.744089555329233
3.7571516206908417
3.7698575503455354
3.7832302544700664
3.7973639160299966
3.8044883250294523
3.8197407983961886
3.8357282554614622
3.8524153855331935
3.869776239106494
3.8825947740830786
3.9010313164819443
3.9091876455025076
3.9272799075154086
3.94364907610149
3.9578198423236732
3.9722194958258163
3.9875450356277367
4.003758201476019
4.0208310691189455
4.037117732090395
4.055396323236962
4.073760506096014
4.080042910713981
4.097934072600244
4.114305606430375
4.129185718954512
4.142608091287075
4.153493326791033
4.154966585246908
4.167217684138933
4.1800289536458894
4.192536895937579
4.201685152636021
4.216879623472829
4.2332907466575955
4.250882441441848
4.262647265608786
4.281053845723221
4.281949724273044
4.300183154887888
4.316637290558612
4.330933568092481
4.333464100597171
4.347621240541066
4.361351156306831
4.374600129574193
4.381929994810105
4.392667031630654
4.409607124914071
4.427630351823872
4.434768246918605
4.440987824759163
4.459421847702329
4.47639440010584
4.484060819736404
4.499975672911555
4.516548697927601
4.533749171361325
4.5515555514540775
4.5682420070628
4.586443221471152
4.603772932780332
4.620249334426922
4.63590186547358
4.646797074964197
4.662224890474803
4.67908629848657
4.694600767627878
4.713213215113916
4.73155253642065
4.749612188534221
4.7673886752604995
4.773700647472532
4.791357021754882
4.809270313999866
4.827602320210926
4.846365212645133
4.865141989931401
4.877210441204927
4.88541442216562
4.886717521696995
4.906087077685515
4.924590305891075
4.941761443297357
4.942849612713888
4.960504228432572
4.978551021139921
4.992943120206451
5.01130909772343
5.029365073502241
5.047107878493626
5.0645370952866156
5.080142124809581
5.097011387608018
5.113643039697253
5.12858669303464
5.145295338281885
5.162775628182734
5.181015111579499
5.194204455100962
5.2130571519983
5.231325791400081
5.249027695124006
5.2661854356988
5.271294966070951
5.272328063996452
5.2889763358285435
5.305085975112335
5.312569636680796
5.328405309930249
5.32991936693568
5.348199396666268
5.366039687841666
5.38296658926459
5.400084264708052
5.4171238845463066
5.4254172901580215
5.426633620230056
5.427360502641076
5.4445019497976315
5.4612300035696775
5.468774164651851
5.470687892354077
5.471369223877192
5.488462394191411
5.506355434343155
5.524463002134843