0.1
0.10306814207617959
0.10325757186267262
0.10194905835900675
0.09745008453868535
0.09414817213497104
0.08518870111944511
0.07332957896375455
0.06339827308679974
0.04750430440920381
0.03042386351961086
0.012987807854708303
-0.00440184536967539
-0.018943602028085888
-0.03054674468396162
-0.03061826011321396
-0.039247471212040634
-0.04493301503555312
-0.04674022802335396
-0.048152674759823356
-0.04701208005096446
-0.04335027813859848
-0.037319083218880604
-0.030192030685202927
-0.02278444937075941
-0.018102804109174735
-0.016302492424448818
-0.016979644400178844
-0.020335631376238773
-0.022790285345604882
-0.027462268834373197
-0.028105731020269465
-0.030030734016138504
-0.030666336033026837
-0.030600782897764058
-0.030187959013495986
-0.029665465338111267
-0.029767877029665917
-0.03136494635777541
-0.03341019662260615
-0.03502339555202688
-0.03619014227064765
-0.03588578976457856
-0.03417094970041314
-0.03294795790048269
-0.03331129589461015
-0.03516857668942843
-0.03794916606212525
-0.04163031818059708
-0.04229538713832918
-0.04538974509387208
-0.04602876993971521
-0.044141638804788955
-0.043726183774863356
-0.04150606231853705
-0.04195790422626534
-0.04318265458914147
-0.043324308759684085
-0.04577533905850744
-0.04683153188959141
-0.04643884499808409
-0.044734237011028785
-0.04189995027401489
-0.03794577232459428
-0.032879493394561615
-0.03157918262139076
-0.027021799014857288
-0.02521857611461592
-0.025361989099678316
-0.025755060551710878
-0.02543395183687456
-0.025275159063804346
-0.025252810989784595
-0.02416745663554155
-0.02173155274939109
-0.018045829364000475
-0.014841100080546095
-0.013965174715620048
-0.0146322324837513
-0.015211801336986915
-0.014299709519133876
-0.011828348015215432
-0.007776427373094623
-0.004787889672136108
0.00025001272180787175
0.004281537843902594
0.007777203271632522
0.009768274734935044
0.013876912969238705
0.019512036160358456
0.0226753350286361
0.02931912975219216
0.035890990115241994
0.040209025741418235
0.04696229751517704
0.05402769333607335
0.06126129944068562
0.06853849785141519
0.07630676563162668
0.08490945687561455
0.09436471809959415
0.1046781727178981
0.10913720589489852
0.11905229883070222
0.12678193639671492
0.13301743889115275
0.13354250097894918
0.13966334567553582
0.1467724130696306
0.15492508053769874
0.16362212349536867
0.1725795580581411
0.18043816237077398
0.18766761927904468
0.1879152980399296
0.19422750674551673
0.19911752550051431
0.2025707205600222
0.2045868445168612
0.20517682751517888
0.20640998122688523
0.2102861184762973
0.21056707422569035
0.21079428458573998
0.2171261520684752
0.22518437175958983
0.2345840310240588
0.24382137525468492
0.2505476608106647
0.2528897515352823
0.25793237845527356
0.26485645137482094
0.2694653288063171
0.27899318323513994
0.28903055691820867
0.30065453156654276
0.31254443758802325
0.3247167839271005
0.3371921525560836
0.34758208158911535
0.34947924661371454
0.3503344235464969
0.3624639390775706
0.37428962167871993
0.3798052822684264
0.39114536447313114
0.40212692123766497
0.41287112154179306
0.4218718440621612
0.4291441202078628
0.4379810433563727
0.4463294826236903
0.454428193414536
0.46239280733537685
0.4695773334335643
0.4700628451694297
0.47776557595810454
0.4851305924615494
0.49211288809872117
0.49968235046844217
0.5081607489354547
0.5166392830354815
0.5253260732731286
0.5316884768040773
0.535659505960023
0.5372269649276213
0.5371036073746214
0.537272062945786
0.5396320765627676
0.5442059715498105
0.5506573391847168
0.5536579969553869
0.5577229165492225
0.5651445057196411
0.5714483718009257
0.5766599676828073
0.5828592881905514
0.5904854744329002
0.5995893823795597
0.6101735275971171
0.6141084051082228
0.6248142861360224
0.6334783990390588
0.640745842532025
0.6472307437376227
0.6527805343535062
0.6574812720715548
0.6595896319627241
0.65906678401128
0.6559084971954078
0.6516713055162688
0.6460916666740532
0.6424944228718683
0.6409922928377964
0.6416189503405223
0.6441277099243052
0.6443586002872744
0.6484366452871199
0.6528142874551592
0.6572047173932299
0.6609525292236244
0.665584444771485
0.6674756470122094
0.6665506213454984
0.6627984444329317
0.6569324501202354
0.6504600346462666
0.6466130610971149
0.6459914697199608
0.644038104736164
0.6414434781042189
0.6399317669704662
0.6379562204999026
0.6387392940074607
0.6394147797495854
0.6434361496667137
0.6496320042295474
0.6534236809416439
0.6604874615409176
0.6648780348652378
0.6655882792490224
0.6670899794116594
0.6669260551529359
0.6651194020109868
0.6616874514169071
0.6571650559232992
0.6500856325000696
0.6402019518941039
0.6274728021579559
0.6118745428492953
0.5952625933898532
0.5760524942524219
0.5579194789451891
0.5439808879174839
0.5423861609845954
0.5260014326334287
0.5096524266919258
0.4942042632932998
0.47898419331343006
0.46442881534024777
0.4576099785581642
0.4449370129185567
0.4347729139047872
0.4271468551064107
0.42205731096829624
0.41996656327971904
0.41671309250148925
0.41449782863146495
0.4074245793996444
0.39755435134806255
0.38536406715946314
0.37246353219604056
0.3620384043464685
0.35421772818363756
0.3490267045183364
0.3465834205457834
0.3439935938716098
0.33905412158616843
0.33685465211713866
0.3289724190968111
0.3190623484100991
0.30711556632162557
0.29312855893730033
0.2787661776388872
0.27665298552886564
0.2598197348715444
0.24290050006715516
0.22720677041600046
0.21741420907373013
0.20506656403030263
0.19551150147971724
0.18875109334925733
0.18590458957498923
0.1812505240819143
0.1809682156728597
0.17365027002282168
0.16358044711048883
0.15111931112156127
0.14861745717845737
0.1347167460019461
0.12063712126054774
0.10663814961086635
0.09949265472042584
0.09102682959016622
0.0809759942627889
0.0736711628759591
0.07161257542545302
0.06989990330603565
0.06301460130738065
0.053454856763053456
0.047858116789603555
0.036644536321058595
0.027762732071187256
0.021328612926363164
0.017367661120486547
0.01591140632867042
0.01419046175907848
0.009816688624493995
0.002653207284925291
-0.007347163186771631
-0.01641559399923845
-0.028670497939275313
-0.03824099496915817
-0.044197359781342795
-0.04917317294049403
-0.05260796578238977
-0.05453676750103694
-0.05498089517841174
-0.05478112207347329
-0.05516170993871193
-0.05807646869478096
-0.06346778401946623
-0.06916552517342427
-0.07308763409046587
-0.07462351313751707
-0.07560607917388598
-0.0757875333813576
-0.07966883145592059
-0.08606999608995432
-0.09476925588601666
-0.09540533874377238
-0.10447503537055558
-0.11139014048748266
-0.1152321760912948
-0.11851198735408484
-0.12034437966783489
-0.12075231885222047
-0.11975093959921973
-0.11762191472602863
-0.11389889373289643
-0.10867471447296081
-0.10261836538905075
-0.09658975922289798
-0.09331846291488034
-0.09289633548860027
-0.0943008256479522
-0.09833489037129393
-0.10439069832705364
-0.11244175110621195
-0.12247082593362899
-0.12590786961709252
-0.12661626150943997
-0.1379328231124266
-0.14888363646032152
-0.1539548750307689
-0.1626794331438784
-0.16333690274048124
-0.17165353550433002
-0.18094701528500115
-0.1909839298599857
-0.20195881502515117
-0.21312157891758776
-0.2185993070061365
-0.2193932643274975
-0.219857602908991
-0.2318632965797914
-0.24595281004281208
-0.2531268590374756
-0.2549823612206689
-0.25562874105076366
-0.2700242284711477
-0.28159379047285943
-0.2900447219955365