0.
-0.00041625511475327045
-0.0019929422423455713
-0.003951588541501574
-0.007708131037286222
-0.012768857951846577
-0.01474048192655056
-0.021574454946276495
-0.029751194235733837
-0.032304246788805564
-0.041740273673719505
-0.04887716957559156
-0.05874146516392746
-0.06589757702345418
-0.07456480993620399
-0.07997559277236374
-0.08534552442609998
-0.08809571228925321
-0.08836380903354622
-0.09045579917169286
-0.09154171798145758
-0.09164290581813289
-0.09097879587188937
-0.09054207699681155
-0.0885423817067097
-0.08497243264547244
-0.0843754672549924
-0.07922226295582094
-0.07387192500358457
-0.0679841241845848
-0.06475216944103032
-0.06182767979565679
-0.060639321553363316
-0.06089647431086332
-0.06198058738847636
-0.06349576370843234
-0.06379401497755759
-0.06320979765623089
-0.0624900423893755
-0.062228307453609244
-0.06128550113583287
-0.060730090793138805
-0.05983055547047962
-0.059086881333318415
-0.05816589654624715
-0.05739531579512731
-0.056767884159152855
-0.056636239211644714
-0.05574811668527237
-0.05415444101030216
-0.05188033111694966
-0.05138080142751816
-0.04952162364568775
-0.04923047572653125
-0.049939973283721885
-0.05005139046469425
-0.05058093470684741
-0.050065105734233915
-0.04849348453699347
-0.04675903198088652
-0.045173805406089236
-0.04456551119061891
-0.04453451465299223
-0.043400427560419216
-0.041956662394134925
-0.039826025901015714
-0.03884709239020251
-0.03878961857673838
-0.03878781695400864
-0.037974397523963324
-0.03604384609155991
-0.033079848486439106
-0.03045740315737643
-0.030296147155909364
-0.028846178149230368
-0.02764945310560585
-0.02693328695904121
-0.025210486689290507
-0.02278417305292491
-0.022493653994362157
-0.01953720108670755
-0.01856013607358677
-0.017482361237400188
-0.016649383163787015
-0.014982664787819152
-0.012488898113580588
-0.00919660944666512
-0.00893679979443631
-0.005752893463232707
-0.0036402559627089553
-0.0025568325407307794
-0.0012331683993561993
0.0014808437744615619
0.00552587765309546
0.005600776552253882
0.009405696103205697
0.011374147024082876
0.013488762435028254
0.014531411141706212
0.017909500111725433
0.02080188167659882
0.02411259910610718
0.02737441430884793
0.027537390746672163
0.03091602162116542
0.03450772439317988
0.03478997035443238
0.0384707407732766
0.040884760341107475
0.04467713051585423
0.04778789740639994
0.05183146865808278
0.05449902125762699
0.05869184846552987
0.06284098183026561
0.06761209537485008
0.07308791593602404
0.07312648824505533
0.07753558857021288
0.08293601861441761
0.0851468972793412
0.08849634638077854
0.08937222289871778
0.09325706375480303
0.09856372407960277
0.10495206296434434
0.1124411675427112
0.12016929214056364
0.12856395557306863
0.13726273090939217
0.144139095523894
0.1494441844867082
0.15635151532370758
0.16047370127471644
0.16080009001760967
0.16459113713101836
0.16616008514837594
0.16879827807487557
0.17294841764292218
0.17851189259832229
0.1811568091661695
0.18850208548449637
0.19696122095749988
0.197796765056714
0.1983697319397112
0.20736405548364029
0.21142773482063656
0.22045208882501438
0.22626406878891037
0.23518586947819786
0.24071260339904677
0.24492068644363468
0.25375093937840265
0.2601509168727072
0.26834474397971064
0.2778882074713338
0.28570778496343585
0.29720365405158844
0.30816556828831176
0.3160597744879886
0.3294671450465068
0.3387512029869987
0.3526478511060301
0.3630452025832316
0.37622928134954564
0.3845685157565826
0.3954956378401236
0.40681499609734423
0.41851469545983205
0.42323928619162515
0.4356833503546758
0.4489358612321935
0.46296888882022375
0.46378787467888016
0.4785532557176021
0.4939352828805631
0.5099250847859326
0.5151898933310173
0.5317562181222695
0.5484898096071886
0.5653889199283324
0.5721103463272869
0.5880806734740863
0.5946486231597732
0.6088273624754263
0.6233682371363335
0.638263137135147
0.6442417366492432
0.6597619384448429
0.6710243719417031
0.6875320246439868
0.7045306372262263
0.722015904988189
0.7223399667180213
0.740264732383665
0.7585691341166937
0.7641722278376564
0.7829396376249887
0.7972849022689605
0.8165798761013453
0.8309467795776779
0.8324420262888516
0.8520856732474298
0.8669632024950937
0.8870083321802645
0.9072511871851935
0.9124378728461763
0.9328746552566646
0.9533983163697474
0.9622845105870489
0.9826715668917794
0.9973714628350295
1.0173154287423916
1.037495451504316
1.057910908190675
1.0617520007537666
1.0824108625970263
1.0977148610613354
1.1186419671035857
1.1331568144495534
1.1543017750073739
1.1568880935434191
1.1781527251221509
1.1938617102571418
1.2152927112989425
1.2308655040112058
1.2524383243376511
1.2555704511133705
1.2772223039293635
1.2931922996877183
1.3149538593808396
1.334004871318481
1.355864644839887
1.3777668744728824
1.3997185309968296
1.4018157693572337
1.4230929059464514
1.4429588768610928
1.4602396406849407
1.4774067236272954
1.4797667106240078
1.495363544871673
1.509622526614978
1.5170234234844044
1.529200289280261
1.5369870810539759
1.547575221747541
1.5584520992836224
1.5696760537408627
1.574336133239762
1.579062350350019
1.5914563734828973
1.601436669191597
1.6151007005998415
1.624932577182369
1.6380310935591849
1.647571427469891
1.6602954575751112
1.6730112646926205
1.6858565559851437
1.6877980684291076
1.7008258761835773
1.7111518605902682
1.724328677292271
1.737522829553828
1.74507773089188
1.7580622214793964
1.7711081411942127
1.7814172444354426
1.791331386742824
1.8042427963644352
1.8132420466010113
1.8263756097852526
1.8323883141133157
1.8455939535013528
1.858861261676655
1.8720985475730123
1.8773418632361187
1.890305837849105
1.899767888501954
1.912897232884007
1.919775137693171
1.9328776090954614
1.942506985521047
1.9495420723130128
1.962221679438523
1.9749325436109855
1.9845782201982043
1.99752621270063
2.0105206959459925
2.011525549849553
2.024638933350497
2.034444860509005
2.047512539031413
2.055122406185111
2.067812177996522
2.0805240161964864
2.0933604512013337
2.0934026425137
2.106232805152498
2.1187504115051583
2.130212138573575
2.142342929590257
2.1545502554393607
2.165663833532851
2.178160294200013
2.1907490536031196
2.203432822529721
2.2084754781436944
2.2204130238948907
2.2306997340888457
2.23446370095453
2.2436110406202987
2.2533317207104795
2.2636444078649154
2.266621405217523
2.277605541468449
2.283468514908478
2.2948767063179876
2.300919587638011
2.3126158253075393
2.3244037092761842
2.336362728995242
2.341317962202732
2.3527367952923406
2.3625416388889176
2.370786398042876
2.373665070695601
2.3811103242731333
2.389618128928655
2.3938354976601808
2.403523960284107
2.4099692892068854
2.4203536226861773
2.4309864665320293
2.4419915201964693
2.4420537712361776
2.4533552938391994
2.4647813053637027
2.476428905451791
2.481270177051867
2.493325015468004
2.505479837313243
2.5177830570786086
2.5197593585640328
2.52680484722787
2.539885326703491
2.54980809308491
2.5531622604834747
2.56645971032189
2.577967992775029
2.5909591053681784
2.597835135413503
2.6108812128093564
2.6162668685420947
2.6292401449283034
2.6292912888994167
2.6347577072128057
2.6475376865175417
2.660458168282688
2.660461432401534
2.6735179360460997
2.6831637541721154
2.6961319122946623
2.6966269704229493
2.6974704998946533
2.6982831097411375
2.710906896844209
2.7233007279443937
2.7362150959588027
2.7452189345673914
2.7587279026202105
2.7662104972988475
2.780474984643702
2.7915053997446533
2.7991582449268857