0.1
0.10340417249383338
0.10513197786394328
0.10487581293296591
0.10253606662453563
0.09799123630188675
0.0960116416688312
0.08866250020745177
0.07928807541883313
0.0762810937421655
0.06496914262989867
0.05625367156669364
0.04401183664568941
0.03499671962082006
0.02380484820562811
0.016567489091786018
0.009105859977348169
0.005094699205667386
0.004691163265809142
0.0013680192296954563
-0.0007358397445730548
-0.0015021182030148764
-0.0012005048544862726
-0.0008357368392064809
0.0012263055183002346
0.005255222930263167
0.005944219912032191
0.011989123843225506
0.018387948204965157
0.02555213748119806
0.029596034052431157
0.03345308007368494
0.0352524558541758
0.03533744307255868
0.03426102469397082
0.03263142672482018
0.032312997396653054
0.0330017840036319
0.0338883489848384
0.03421844887781822
0.03539158810182964
0.036099147912450794
0.03725696766327922
0.03821784642489481
0.03942797890438787
0.040470982580505833
0.04134541915723067
0.041532549495069696
0.042698302145089226
0.044701497098882326
0.04754131130604958
0.04816523731019813
0.05060243466632647
0.051142087542181136
0.05051157003534621
0.05039589990586027
0.0498890141992602
0.05052737712892887
0.052444530045028345
0.05459125039074603
0.05663876358536244
0.05755608070650367
0.057615412280379835
0.059110290700150725
0.06090525280946849
0.06362932051545289
0.06504297059879903
0.06525847639815686
0.06532941538184725
0.06644769788057892
0.06886619439998176
0.07253805714939797
0.07591016090198295
0.07613224288751398
0.0781636607589622
0.07987318491081748
0.08091745724248632
0.08318095318909297
0.08621868739847963
0.08658027207398514
0.09039042607724962
0.09178712982056812
0.09340623860238731
0.09459791967498343
0.09682980438438567
0.10002318237954888
0.10417368505949218
0.10449986937376349
0.10859343746833021
0.11148050513805656
0.11314113072373441
0.11501457459576747
0.11848836776450611
0.1235677980860622
0.12366162951503411
0.12857414264760658
0.13135714458175218
0.1342859432432211
0.1356463337613717
0.14004686912623698
0.14384828745964093
0.14823016946878273
0.15257162727197288
0.1527889993865415
0.15727593295540146
0.16202581751171508
0.1623988474552331
0.16727507213447596
0.17048347171987352
0.17551545783137915
0.17963368890942902
0.18499231277831127
0.18853440186520362
0.1940964723217871
0.19959406284763923
0.20585116993555036
0.21292661729542134
0.21297618659256476
0.21862296242120957
0.22568748192209223
0.22871578418599192
0.2334039493839952
0.2346304325694498
0.2398653878460897
0.24675958249496027
0.25495811395488616
0.2645184250419376
0.2743318449002451
0.28495327751161253
0.295933558232243
0.304595712955865
0.3113559581705776
0.3204557525921893
0.3261130441700984
0.3265695828273472
0.33202521106704164
0.33447327216742506
0.33835174511267185
0.3439033847464188
0.3511161185711468
0.35451548933049604
0.3639301647005925
0.3747769919613911
0.375849841077754
0.3765865440376837
0.3881538093989153
0.3933733287016971
0.4050520674355316
0.41265246280746265
0.4244052416518576
0.43172553766685906
0.4373196265599
0.44903658435820787
0.4574818290521189
0.46825675120151844
0.4807428973522285
0.4909332995608986
0.5059101365300401
0.5202161432393473
0.5305382366690119
0.5479942704111026
0.5599800014053193
0.5777731208390324
0.5909738989041537
0.6079422779874016
0.6189807846337961
0.6335280244069061
0.6484569923218916
0.6637661075642118
0.6699179778032183
0.6861309471110922
0.7034619943983859
0.721880532520434
0.722957434463914
0.7424155235212033
0.7627648843787395
0.7839915161484078
0.790995069408077
0.8129199009845407
0.8348216983449898
0.8566959078740496
0.8653284333751884
0.8861155377244382
0.8948479469063471
0.9138044013912593
0.9332353576023342
0.9531387470382969
0.9611289431110531
0.9818712555496377
0.9969280129698189
1.0190242656645787
1.0418228928055306
1.0653205541689235
1.0657564638121189
1.0898992349167251
1.1146116162321182
1.1221866621517882
1.147597599818789
1.167058562337793
1.1932832829063382
1.2128441008478705
1.2148824673413117
1.2416965755833913
1.2620285654898216
1.2894568624125036
1.3171945004731853
1.3243068779371707
1.352369589568704
1.380607010026254
1.3928458583427736
1.4210071908474304
1.4413840593445217
1.4690142380045024
1.4969029654254842
1.5250762067180719
1.5303738464492718
1.5588644225897383
1.5799717858835676
1.6088434610472409
1.6288767400466304
1.6580747755697471
1.6616472968367106
1.6910320092994007
1.71275153766026
1.7423989429296405
1.7639536108636227
1.7938280973098861
1.7981669331054715
1.8281705651296063
1.850310457376637
1.8804923371292261
1.906926087409036
1.9372696920196657
1.9676850348393216
1.9981786348467523
2.001092362678243
2.0306927515366695
2.058466566469227
2.0828188425537877
2.1072706015809723
2.110656288138788
2.133198596007218
2.1540538635295867
2.1649563377206396
2.183015940258874
2.194645528941574
2.2102931807046087
2.226148857741127
2.242421446690711
2.24915795898482
2.2559892718432404
2.2738074153234136
2.2880961259461863
2.3078257717264123
2.322161723728775
2.34133038982277
2.355307710569091
2.373922318398769
2.3924913805721326
2.411207438601431
2.4140303994564962
2.433001768123069
2.448046810175778
2.4672551262231965
2.4865142224896815
2.4975589659399873
2.5165466854410155
2.5355847476114444
2.550600469489795
2.5650841404622415
2.5839652267174027
2.597087163068708
2.6162404627466573
2.625015707569436
2.644286685573542
2.6636492444087727
2.682986205652004
2.690660588459704
2.7096264951202333
2.7234340026337813
2.742578387414502
2.752603377946923
2.7717398064366527
2.785833293123177
2.796132599573474
2.814657948415081
2.8332008999481446
2.8472449645814772
2.866101087150554
2.8850334782492952
2.8864959177099325
2.9056010378571653
2.9198880578174524
2.938977805877429
2.950122812250295
2.9686808375437646
2.987233523700118
3.005931414977107
3.0059927604036303
3.024706120080386
3.0430190567475046
3.0597983644379783
3.0775155825302076
3.0953018098819323
3.1114716693865367
3.129639544878146
3.1479466485623258
3.1663963408245004
3.173730690174884
3.1913005143650754
3.2066834073969788
3.212363290039494
3.2259223118657707
3.2400328818579234
3.254890291115284
3.2591671677161758
3.2749764658886495
3.283431023570596
3.299914573455311
3.3086573121821568
3.325608148610164
3.3427227892106193
3.3600861119918735
3.367272513923605
3.3840409291517575
3.3986936070954834
3.411183849253787
3.4155922105903564
3.4266468785172592
3.4388715572508763
3.4448805879771776
3.4586975377342513
3.467911987037335
3.482816760430533
3.498137187774473
3.514002800110849
3.514092491777577
3.5304185104735915
3.5469713960528373
3.563850129363487
3.5708578480412707
3.588327323687919
3.605976177719526
3.6238476981601746
3.6267170874404497
3.6369069836929793
3.655833180696182
3.670224876740601
3.67509182203618
3.6944598861160003
3.7112790026055693
3.7302642213774373
3.7403009621300365
3.75933078902067
3.767178167546614
3.786134280309441
3.7862091752931955
3.794207773276081
3.812874710009304
3.83169787856415
3.8317026247275523
3.850716344258723
3.8647674190240213
3.883712067297025
3.8844370249358904
3.8856732650532466
3.886865514724542
3.9053359857216163
3.9233990815381756
3.9422038344622043
3.9553175648287757
3.9749145705505824
3.9857636647781334
4.006574831269094
4.022740240540701
4.033980126128117