-0.1640501689819227
-0.40373868463531537
-0.346147321343384
0.9391347098047604
0.4429356427767612
0.36334255659291254
0.4684407486079338
-0.06107406311463191
0.3051125226886153
0.2891327867262676
0.016455656621175426
0.9356373834423508
0.4547192346141074
0.9393648436591521
0.4573648478335189
0.9422579612427101
0.7693490023718335
-0.004003753466236109
0.6912283280841647
0.9406831545502388
0.9465126159455481
0.5749542919712043
0.9335519796218289
0.6095848479722117
0.6172636577207258
0.9376410352707225
0.17131094755155085
0.933021409511353
-0.0057813639613607335
0.1766181992706489
-0.009480290113828187
0.02231284752385511
0.933570033265817
-0.0007728339504165157
0.9252259330957724
-0.05657059902770564
0.9485517048513373
0.6795285897639123
0.6499806368584422
0.46500877457954903
0.9317528415752788
0.4647854814703784
0.5359022004947164
0.13963635144419062
0.9081735750787376
0.8983054863660141
-0.059020018608769
-0.04196574177111799
-0.10183788957088072
-0.01937172529484081
0.6070320833100261
-0.021169461634025496
0.9298124122504252
0.9378187874955053
0.3489371120660725
0.9197740640191697
-0.032928417128779454
0.5127943740534461
-0.03778532128839723
0.48091621662292217
0.8651435473713897
0.9245474996624508
0.004135776258481623
0.5148353038909346
0.5356965718323277
0.7976607937467595
-0.8177561423648141
0.7788535449956555
0.6313699052875686
0.08184762674327417
-0.9478472481614789
-0.8984319282920824
-0.9243832269281552
0.9161855367769363
-0.09214078799977887
-0.9355502023916594
0.9446499919741856
0.2646397523676697
-0.8309573231757628
0.9444897861105941
0.554068722548887
0.11769873540595957
0.9204904562993614
-0.30302142859521525
0.766057752336944
0.937782205501944
0.014792560306621306
0.7779710838684942
-0.859578442981081
0.9147857393010387
0.29313354873917785
0.9108769130036374
0.6252350290769588
0.9326514070120292
0.6847436917271355
-0.7226041974445444
0.9436312220302054
-0.42224080711474615
0.9311138728651964
0.9467910589530975
0.5493138210322567
0.9397390204726019
0.9059125148026481
0.6818042057477541
0.05080110161405571
0.9161582919925803
0.9392753952728758
0.9474906988866176
0.9447040047064861
0.3635313637211439
0.6097405510579076
0.9200330662338451
0.9425238123986465
0.9200576134331103
0.9076684337806904
0.9120132326689746
0.050910494393880526
0.916600347198115
0.9134906029093562
0.5310065224759555
0.9199123130162465
0.6503371267355261
0.3296821366047238
-0.40743291674804866