0.
-0.0005722963362926351
-0.0009038547389552652
-0.003246831327871716
-0.007295359915967809
-0.009932930010815078
-0.016731435159232845
-0.025434633222442337
-0.032613785906534264
-0.04393563325712815
-0.055953188879816415
-0.06815212818033642
-0.08004882726396849
-0.08972115153265883
-0.09727406442482893
-0.09732002555991191
-0.10277872495488562
-0.10618022029510905
-0.10714567251024273
-0.10759103903568022
-0.10629344778743437
-0.10326782483894177
-0.09863162740120843
-0.0933297789109584
-0.08813254370104083
-0.08518671846033084
-0.0843452636198984
-0.08530754112668394
-0.08813321638086222
-0.09006429429774267
-0.09344322023774838
-0.0938564841321116
-0.09495004257190942
-0.0951570023705343
-0.0949477713723869
-0.09456339278094622
-0.09415086594178639
-0.09429407056759342
-0.09560439589097718
-0.09720083491774731
-0.0983682577032016
-0.09903308027306865
-0.09859388720283413
-0.0971513677609425
-0.09630633107970404
-0.09668763108644207
-0.09824448949015903
-0.10038309741478339
-0.1031147659671738
-0.10360236709470298
-0.10569037434002386
-0.10582718510145926
-0.10410904863262686
-0.10376557573243132
-0.10211474134875202
-0.10269946042009667
-0.10374455247380694
-0.10386125326573611
-0.10572621888461785
-0.1063561238034026
-0.10587959101612572
-0.10447001016022825
-0.10229354158799538
-0.09935320335226276
-0.09565318991276636
-0.09471078585746823
-0.09162273381624497
-0.09071828169263044
-0.09103284176727154
-0.09152706996117907
-0.09128945949289612
-0.09117515825870341
-0.09116149789344095
-0.09033124008691647
-0.08845520706042087
-0.08567528934871302
-0.08347407289908748
-0.08313965566285299
-0.083865889499051
-0.08434087147715359
-0.08356090754182303
-0.08160822077081895
-0.07852183065199897
-0.07628625064045827
-0.07270696501391324
-0.06999576391874622
-0.0676643127178562
-0.06632680892814037
-0.06339947512425466
-0.05930155838319634
-0.057017857813545576
-0.052314944530636176
-0.04774218116378645
-0.04475287274735692
-0.04005406243031749
-0.03512849761596715
-0.030099031090651977
-0.025051540445433874
-0.019620778410661656
-0.013561243823201053
-0.0068965778458632224
0.000361579936617304
0.003494907856994779
0.010257497229333768
0.015321315524103072
0.019368868765884357
0.01971142354884665
0.02386871021880578
0.028870342346683803
0.034654893763017815
0.04082688599360227
0.04702136316436261
0.052330493863989296
0.05721496135081661
0.05738281142015428
0.06159262769450571
0.06475319565244986
0.06689553744488681
0.06803683014640244
0.06821080413383392
0.06907864654611097
0.07206785501538215
0.0722827594578376
0.07245636734170927
0.07720090745249962
0.08309200670156577
0.08986025069566099
0.09623989701892278
0.10059267569438281
0.10201721743642768
0.1053595720471366
0.11030819766717433
0.1136308569814811
0.12045991339282122
0.12759711559303413
0.13575243962486516
0.14400068581537145
0.15241465857342074
0.16103081824264215
0.16820680290493248
0.1695115669579385
0.17009612520992054
0.17837773749006477
0.1864645009922723
0.19023968972858643
0.1979899438497992
0.2054978301543219
0.21285722291234585
0.2190305769519385
0.2239547655846623
0.22989306456741873
0.23554945154035853
0.24107789465549076
0.2465411616842046
0.25148206942692825
0.25181682340723155
0.2571027653000488
0.26214132022720543
0.26692906515798254
0.27219838330666357
0.2781729565771774
0.2841601076818667
0.2900998389523082
0.2942032205431756
0.29655787362676295
0.297202764300456
0.29688195179645555
0.29684057088281196
0.29866877163386174
0.3021473992304326
0.3069200761565592
0.30910540986470036
0.3120391426733792
0.31720318477069154
0.32144867866078664
0.32495231971332134
0.3292705852581085
0.33470923580605744
0.34120598006397473
0.3487241485461316
0.35151085837691365
0.35887069543250305
0.36461214199728703
0.3693951077995146
0.373707367894931
0.3774461639154279
0.38047268114900107
0.3815479656185028
0.38073981897420167
0.3780839111542827
0.3747825631829849
0.37074244115911925
0.36842096393617474
0.3676885331740022
0.3684880313545818
0.3705893162020065
0.3707737678733065
0.3738835024404703
0.3770488613939903
0.38014829679554923
0.38283400050437255
0.3859845652767298
0.38694852561262977
0.3858316784133788
0.3826837241386681
0.3780743869047864
0.3733283857796506
0.3708643715626037
0.37054682777115333
0.3694343095587515
0.36765759565505135
0.3665839189434312
0.36535277627203033
0.36625655521771844
0.3668404125260336
0.37006612122391547
0.37477903754862113
0.3776042534593454
0.3825768547925536
0.38533423838885866
0.3857251056724053
0.3863989284030125
0.38594964978484475
0.38437566678878693
0.3816806545552924
0.3782593382428531
0.37296586159440076
0.3656694843589632
0.35642394169468833
0.34526019668838404
0.33351064226506477
0.32023647727425697
0.3079109446184989
0.2984733243470926
0.2973959384038027
0.28624700129662345
0.27506811647259233
0.26453317268058274
0.2541813589284241
0.24428463083251029
0.23964859702569677
0.23115550494430526
0.2245094211571381
0.21966217790446646
0.2165912990423435
0.21547636894119815
0.2133504106187237
0.21173449187104043
0.20649959042168464
0.1992483391325088
0.19041629831531448
0.18143748077036562
0.17451022432116936
0.16949675719309515
0.16635076665546086
0.16509123987033406
0.16345140179691614
0.1598213776194392
0.15819372830488138
0.15240938282559874
0.14523837475123771
0.13669928826002706
0.12680222793566856
0.1167182747500143
0.11524517053760507
0.10360860642885442
0.09199692808765696
0.08132028306975288
0.07474944058495565
0.0666127194419424
0.06046515703110167
0.05628234504344195
0.05464008431122433
0.051586503922047396
0.051387205526997215
0.046096915441392064
0.038751410318706006
0.029742056318249995
0.027956196513877797
0.018237743535177226
0.008513723455053029
-0.0011416113972532692
-0.006013251833677304
-0.01165980875575554
-0.018200807797291576
-0.022782245472857083
-0.02401667611853237
-0.025080715480290998
-0.029857480585154583
-0.03676540295828153
-0.04081455887071579
-0.04864088522365636
-0.05452800543098644
-0.058604754076268105
-0.06091944809821071
-0.06151554154828981
-0.06258508302875174
-0.06586344198741191
-0.07119664520283618
-0.0785162362020288
-0.08507146286980799
-0.09358767321124037
-0.09989882182767022
-0.10364767888974388
-0.10667893202071355
-0.10871977079194725
-0.10975563566844806
-0.10978396539254193
-0.10954885069449323
-0.10980932094375513
-0.11210937298562988
-0.11621547834377999
-0.1202898238216038
-0.12284279446659918
-0.12373462429022807
-0.12434972808549223
-0.12447232716986882
-0.12728494941921742
-0.13204764715405973
-0.13845661495970496
-0.13892084544152788
-0.14527859555187414
-0.1498367074523396
-0.15222916344145995
-0.15416383171257644
-0.15514029961834963
-0.1551537787806836
-0.15420602314404633
-0.15250996739446993
-0.14969043018943246
-0.1458321568887896
-0.1414244190569139
-0.1372932121088673
-0.1353577301557186
-0.13550302846397663
-0.1368124035508091
-0.14005717429838765
-0.14464142040981057
-0.1505692990603802
-0.15783787429342347
-0.1603110993867551
-0.16081877885915846
-0.16877799809719385
-0.1763302683239476
-0.17980372797935945
-0.18563116618831704
-0.18605860828031742
-0.19165681444675878
-0.19813521789246416
-0.20519852049157333
-0.2128786741922217
-0.22062758897117532
-0.22441955727525645
-0.2249676155924567
-0.22528699239929117
-0.23367992430699977
-0.2436611930702279
-0.24874927734484026
-0.2500599633867789
-0.25051427912324586
-0.26037535198231787
-0.26801132198559047
-0.27340305154680616