2.9538072070003163
2.713101209594474
2.7846757743851804
3.219789423817168
0.45855431650115425
0.37712623984137844
0.9945499021952576
3.080450557794103
3.075853977203976
0.3160771159758656
0.07211556932002401
3.3576011053040085
0.4728208399492964
2.2401820129607306
-0.6281432154613479
3.117461307945667
1.3413123992067368
3.1377541397928908
0.9117851985896864
2.2332411608309957
2.4106458621682187
-0.6352798593467038
2.2468169480314883
-0.5389873750342731
1.227835694341935
2.2704992044405192
-0.25852098343170915
2.1773469385560884
0.30574453875289465
0.8107484740828239
0.6907095428691392
0.7988256269368174
2.4512482980743657
0.4785972858382108
2.3506415399904923
0.7139028004225071
3.331224173044757
0.9414774471946316
1.1183856479156813
1.4028930181694261
3.906107296096954
1.2234189955116646
1.633425175530854
1.6761583024321747
-0.9842770090212183
-7.330399953005291
1.4155954577788346
1.2385911089974233
0.7452963006315503
0.8557607329380527
1.5181569252206248
0.757260816498672
2.408357628245908
3.7677136224459913
0.9411004516599027
2.4337296081294757
0.5349082191736049
1.5430517719694719
0.6044066198541777
3.2344655658956687
1.776205105889884
0.7876914232258233
0.48375803709534604
1.297710027684729
9.912998085887025
1.0914150644753
0.8909764709187742
0.8117947370043209
1.3926767683452705
-0.24945778681598807
-4.067425993825456
1.9741799023706201
-2.3527555608465747
0.8936188283638291
-2.472197882062456
-3.3008178577712375
1.765177084581108
3.41018521843534
2.141360417553667
1.684352260744373
-1.0283347789755268
2.4854815697866117
0.723055697414039
-2.5889048793565075
0.4929050312635856
1.5324605370655981
3.155410476597106
-0.31777088516347146
2.0882086391086943
-4.777849641335886
-2.1354952661664077
0.9891831479244385
0.4274288139422408
1.5556976628780954
-1.0575131172154284
2.3304826233965463
1.7876535034341756
2.7049512004567964
1.42288707592478
2.28539629706114
-0.931651235392722
2.069810305658589
-0.9937795015002902
0.8873899502796667
2.801945218083123
0.8380440331768039
1.883049278872379
2.3119471516021606
2.25250986111009
9.797333058026046
2.996729135075783
0.8305335232788928
2.6662468150271748
0.7935419637233904
0.9681910473967128
3.1316944602808188
-1.3366904656475571
0.9276679450076638
0.9637794487309342
3.0223865327556534
1.1673571222779362
0.7184246700153338
0.3358210980577267
-0.09205323915349958