0.
0.0003283146310122653
0.003001941028503423
0.007704432364321754
0.016599183127829462
0.024644662823269072
0.03571808781334553
0.0406181923110125
0.0501529465331424
0.05674722997820504
0.0705429394816596
0.08007134625924785
0.09727330917739624
0.10845545115474102
0.1290821469187448
0.1415373076873421
0.16188817063719416
0.17147467889672233
0.18571877598595335
0.19339840352560506
0.20374464679348098
0.20873588720986677
0.21434247360658626
0.21764303776398125
0.22644703704061375
0.23735684318802447
0.24136138500271564
0.2546689799480882
0.2631593632097505
0.2785908766263881
0.28150958560086986
0.2980653394429483
0.31216395374084
0.3301159036609594
0.33665017637436206
0.35527169719646257
0.37426008414872614
0.3937189844265904
0.39705789463554714
0.416858768535072
0.42870644869280994
0.4484791424835409
0.46827044166045995
0.4882167511050869
0.49152520754294154
0.49976110596271267
0.5182086385606625
0.5368669883941967
0.5558537696846263
0.55909687531367
0.5708270468131954
0.5856601456823357
0.5968855074148101
0.605120559238069
0.6063615749095651
0.6099576137338505
0.6168770994432196
0.620670888508205
0.6224943465685976
0.6309802538361873
0.633143669791438
0.6443123504120396
0.6536499341481923
0.6628297450936426
0.6725201187920807
0.6850842988129785
0.6860151350076428
0.7024260259921589
0.7114500038363416
0.7125962579712009
0.7289293796013503
0.7405695786413671
0.7558608911778227
0.7659729440797477
0.7829101368144447
0.7937305146621371
0.811414723790935
0.8288624757419989
0.8329113507659337
0.8481718996833452
0.8595468713578676
0.8659151060999841
0.8738265851119094
0.8841649458741108
0.8901963763887994
0.9035112461548576
0.9127232447124688
0.9279479439688865
0.9436166131229695
0.9598084030034442
0.9626778080724201
0.9643203250973248
0.97957172848371
0.9927077131651975
1.0052911062115408
1.0167759656345643
1.0186242417748355
1.0285589579328662
1.0412840055370833
1.0548325141068515
1.0656911261431354
1.078179875748978
1.078514326855366
1.0888663235855898
1.0992099794682897
1.1095446109817297
1.111360265930134
1.122483375826272
1.1318766314098418
1.1440280083098784
1.1507174025203821
1.1621053343107444
1.1744799834357942
1.1784774279294177
1.1919909216897495
1.2007948464769378
1.213071604293374
1.2215972837116058
1.2220587390873872
1.2299864583115845
1.2401166698106476
1.252251163883569
1.2544840500448733
1.26677233212216
1.2745720541195942
1.2852860939275874
1.296646784881016
1.3046363661076241
1.3169741782029654
1.3301294580332175
1.3440756232044935
1.344255524078867
1.3564914006244642
1.360877027320274
1.3661595815030871
1.3740320763049005
1.3838606684450592
1.3953256797138314
1.3974023483039384
1.4102290123685666
1.4183444217630208
1.4299669651183564
1.4363824611884781
1.4443845173374008
1.4546656467363779
1.4649768404282508
1.4778065797274007
1.4851084674669828
1.497917069579496
1.5094989491688484
1.5213570856391838
1.525567076196414
1.5342622119658387
1.5396777576070437
1.5505180464964263
1.5627576028001595
1.5705294333699118
1.5715065993733928
1.5838051376397653
1.5894132584720133
1.5970173272079786
1.6089521224859902
1.62177282767145
1.632843494340463
1.6470924433686267
1.6619567990729063
1.667947180881852
1.681232247969046
1.687514250089668
1.6953132525007937
1.69660087274911
1.703401484951134
1.7102021904310407
1.7169604709442245
1.718094531201649
1.7252237364114555
1.7300178087580182
1.7383734781687614
1.7439640332430932
1.753576917398054
1.7596412314927778
1.771989427334212
1.7818116104392643
1.7829215497672077
1.7998153187407797
1.8099863000742833
1.8302491638204506
1.8477414267937442
1.871278685244941
1.896374747909443
1.8971819944863626
1.9237138856258702
1.9475138191631667
1.976214143053656
1.993950643863791
1.9957242633778811
1.997961774782282
2.0282102394785593
2.047375491998526
2.0788799534125038
2.0993654024950845
2.13185458368354
2.1620117054294923
2.195413787788645
2.2030119103990367
2.236861756477534
2.256782704899259
2.2911424894145704
2.310254585083889
2.3450037351417015
2.3510107051253235
2.38599771106712
2.404420529891349
2.4396849575651576
2.460848025804745
2.4963388439434433
2.531950191956268
2.5419859337410586
2.5777337122019435
2.5943539526923662
2.630204473907106
2.666119404884334
2.702107230594276
2.708445254002837
2.7434355022685737
2.7641508509588713
2.7946184962562994
2.8113732693745725
2.8202849263923717
2.8466873119336387
2.861809848560022
2.890084694389767
2.919355669351665
2.9422505723896935
2.972248230619232
2.990218247549356
3.01966875266079
3.0257502051587566
3.0547643171971632
3.071925920209006
3.099382510038237
3.1264108425924344
3.1556489133386614
3.185185875320143
3.215007312972213
3.22006576562566
3.2496164496937965
3.278350534799274
3.2886147147673612
3.3172250235771563
3.334100000441596
3.3640219366373714
3.382833841586801
3.4136767344346457
3.419689952383508
3.4512556851773093
3.474195164746851
3.505547329319893
3.5354602813920097
3.5493751251167365