0.6558736656839012
1.0723697236832446
1.1923420386192913
-2.227790295178887
1.1792347133680956
1.027436426236712
1.3975380753540434
1.5004996830978041
1.9932988972527292
0.659428853808974
0.6029812699965656
-0.18308244058657172
0.6081813892910968
1.4876889828728028
1.7879870900703143
1.9692741074450755
2.1314547907822563
2.293608485304913
2.50331235345371
2.4607414775139964
2.484734699036829
-1.2412052551633466
2.266437252045724
-0.42350292219775837
0.17177417020657149
0.5671786689599073
0.5910237983697701
-3.141587672638491
1.435831962766421
1.646243376525761
1.8274954242824684
1.9129710409614085
1.998085713009915
0.9372003717801072
2.1113033361549793
-0.7703508155222447
3.010432262655346
2.031367621644402
2.0994162656965227
1.8027149894905037
-0.17901625968690493
1.4985183098455577
1.819884040559187
1.7230721778129672
-0.2390406548297951
1.0346382877420308
0.8310048034406934
1.3863403766572568
2.741680808412252
-0.14000193283993756
0.8737234613872029
1.3800461833487565
0.7800345797969499
2.7043524062002446
2.750954043513797
0.008853275314309326
1.4569949756930016
0.6613808015941423
1.0933504812499633
2.7380734669044733
-0.5243299846662655
0.21048085116441595
1.2580121463536231
2.7341769116675985
-0.08308643171146807
1.5069670187020576
1.0476865446053933
2.7359080009681835
-1.2395873591369528
1.472660152177621
1.3922598082465474
1.626612158795468
0.5404967871843022
1.4004918529439554
2.72448378527451
2.7772840436131134
-0.6860298425197201
0.32926645504151053
3.0043378743711107
0.3659973569122836
0.3174033476808811
0.3748989372738492
1.2339474655882976
0.3707325486031956
1.3897803081168274
1.4959991558047994
1.6025038563467564
1.6973874262426656
1.7690776166571485
2.0297593447144084
1.8174783320087724
1.82535648205097
1.8755938022858032
1.9183061493568947
1.9535401620093773
1.974953276860699
1.9994727111145312
2.017890972565113
2.0309019502586705
2.046809679279097
2.060506141855708
2.0734738092564258
2.083514082042305
1.2842368098110377
0.015193373435907861
1.7422538974390331
1.6969625814431986
1.78723963847933
1.1922911846164086
1.7696871189446997
0.9023812915777012
1.7440981749438587
1.4859490087383924
1.1748566152585316
1.719502494172705
2.753379472762016
1.8083060758116607
2.7594826036451385
1.1182154223960177
1.7436021092297933