0.1
0.10408192003203669
0.11099382370362541
0.11888828890676036
0.1316426800853352
0.1423201690294865
0.15669101099444444
0.16307155263505457
0.1751189147646717
0.18317201305266972
0.199681592323876
0.2109247283438026
0.2310091910318514
0.24396377858784032
0.26772789056018576
0.28202104220618657
0.3052861205936623
0.31622607451393875
0.33242558345180917
0.34115331461172227
0.3530323919976013
0.358885995337193
0.36561760571437835
0.3696806027912698
0.380764870095807
0.394754379273474
0.3999409373373005
0.4173643266031535
0.428605892352126
0.4492530809368052
0.4531855937211703
0.4756517014747509
0.4949482988614507
0.5197067656093994
0.5287649264066586
0.5546997778771801
0.5812939297127684
0.6086398584656241
0.6133373152362881
0.641311600433321
0.6581239720312393
0.6862654684599901
0.7144945918140808
0.7429549690296718
0.7476741790516008
0.7595182226137074
0.7861363325614203
0.8128725423539837
0.8399569210857489
0.844573564664864
0.8614803587425993
0.8834743626311732
0.9007104509825182
0.9138027512074857
0.9158095567055572
0.9215346942311226
0.9320972301437687
0.9377131347833422
0.9403767771370665
0.9522722440653629
0.9552242544113833
0.9703033404060168
0.9828333530352865
0.9951585537305887
1.0082150472289864
1.0252319097463363
1.02649741722109
1.0489233390981678
1.061318655481148
1.062898323235854
1.0856456797865262
1.1020674103143042
1.123575341766525
1.1376797745229184
1.1612688337834471
1.1763486350378014
1.201119335346752
1.225730506237081
1.2314580123607235
1.2535202081668246
1.2707033735027493
1.2808379673899528
1.292916200301911
1.3075048472063038
1.3157959260553542
1.3339394862488965
1.3464580814957177
1.367258780255571
1.3888517430444438
1.4112856669741187
1.4152693950927593
1.4175563406265232
1.4390901882491212
1.4578917923737977
1.4760554290276575
1.4926956163596852
1.495371475905383
1.5095081591165325
1.5272490639359944
1.5459458237487185
1.5608513110511508
1.578455359391872
1.5789422788685503
1.5939019919826853
1.6086596623081493
1.6232827144264854
1.625842743803729
1.6413048097188594
1.6541835208742475
1.67101896410019
1.6804315619790373
1.696343368996745
1.7133831380158537
1.7188546459538483
1.7372981352915051
1.7492906872800271
1.766500483510356
1.7792130021486534
1.7799257804448707
1.7915531683739714
1.805597450327492
1.822077719735399
1.8250953416860394
1.8420121744107438
1.853011343639019
1.868073467270891
1.8838687889939585
1.8949350604788384
1.9119251083846824
1.9299170600966664
1.9489215857822386
1.9491664725147309
1.9663241059399452
1.9727883045448584
1.980815320192352
1.9923256440485535
2.0059736244818347
2.0216043780963324
2.024423509637777
2.04180564350327
2.0527881299688726
2.0690046339674355
2.078528129847984
2.0901672112322447
2.104344323085741
2.1183012329597077
2.1357742597774876
2.1458388038914253
2.163469172534522
2.1793170256370074
2.195961455387714
2.2021625985137687
2.214799495306574
2.2224152476259693
2.2373747714690837
2.254075341335558
2.2646527520984145
2.265982302554687
2.283073451238717
2.291071498756419
2.3018115467743208
2.318339478105235
2.3359205476791964
2.351024838588442
2.3704326076998643
2.3906836227475776
2.398849296386846
2.4174829447807293
2.426750235042634
2.438619738287677
2.4405934750174705
2.450831182084826
2.460791105888239
2.470527289574498
2.4721506096313908
2.482182763811592
2.488775023778709
2.5000404313695204
2.507430819976894
2.5198303123844434
2.527455424682596
2.5425454889355343
2.5542830870955777
2.5556001651830154
2.5754853421090953
2.5873448019998295
2.6108125503357313
2.6309584479452193
2.6579632552132804
2.686680150325357
2.6876030042406325
2.717915781666843
2.7450925980469965
2.7778664783667275
2.7981290462306716
2.8001558306505214
2.8027129220234177
2.8373010120939672
2.8592374347126723
2.8953390085496142
2.9188450805514856
2.95617847304246
2.990894158558714
3.029416834429657
3.038190566291142
3.07732535774289
3.1003925156919885
3.14024039527225
3.1624385390527365
3.20285861756676
3.209853670386965
3.250638898320401
3.2721436023056745
3.31336033979508
3.338127970480752
3.3797156957521475
3.4215071953866407
3.4332952768394396
3.475322428649894
3.494881664849654
3.5371112375682427
3.5794679627308468
3.621958434360183
3.6294462968168286
3.67087606427367
3.6954590705233477
3.7316994900909757
3.7516626412462997
3.7622624785060252
3.793473540809751
3.811250850167966
3.844353706192013
3.8784971706098914
3.9051454822230856
3.940048995307612
3.960961791441889
3.9951932446305247
4.002253907797172
4.035951790109525
4.055884438719261
4.0877105847646185
4.118961413856103
4.1527433230451765
4.186888475004791
4.221385360092079
4.22723914806425
4.261454410554013
4.294735103008906
4.306622304195349
4.3397232686876315
4.35922631951162
4.393310584130815
4.414245682624453
4.448390733777969
4.455076607872787
4.489676203844197
4.514170633206925
4.547482753856748
4.579619048609133
4.594675561100471