0.
-0.0003047403562880309
-0.0021309105293506074
-0.003270863114603088
-0.006694182994072778
-0.00846240117575303
-0.010573160456634086
-0.013969958224890892
-0.016197559326437263
-0.01795060248737678
-0.022336501646119594
-0.023637686632964672
-0.02785285920334566
-0.02928519001412486
-0.03223987073784266
-0.036260369154606245
-0.038399956836868275
-0.040921668685166085
-0.0463997375616
-0.05153552906452875
-0.059374951791037425
-0.06736934306794713
-0.07262995880085844
-0.07991777606482568
-0.08008409044772237
-0.08651501173998397
-0.09073215148657643
-0.09686194445793933
-0.0987411254113726
-0.1039863075970606
-0.10573823260531788
-0.10981932707376034
-0.11469067330491853
-0.11685591954242824
-0.12268354489730648
-0.1251048325516003
-0.1303694079204777
-0.13244773883758365
-0.13801573385940963
-0.1392905866392094
-0.1450636143089264
-0.1482604121393674
-0.15539610206026128
-0.15762815313131356
-0.16503970075289176
-0.17422862927321123
-0.1811318295631768
-0.1913983675707963
-0.19984158248279782
-0.20168962437936552
-0.20844664911542699
-0.21013046739789537
-0.2173144638437607
-0.2262634154329173
-0.22757792998046467
-0.23674820646652783
-0.23965723611022532
-0.2470673507435626
-0.24961199860792008
-0.25615787683115016
-0.258046426376174
-0.26398442435837616
-0.2661967027201057
-0.27272814221553177
-0.27517596377899844
-0.2831110982435743
-0.29249226449868904
-0.29945242685072243
-0.3087566174368326
-0.31967222640988513
-0.32749146583945743
-0.3391248847729226
-0.343013779603698
-0.35186272945259006
-0.3542189541448133
-0.3608849940619143
-0.36278065485191013
-0.3690877642270644
-0.37427347838586017
-0.38293202568444357
-0.3890266048097669
-0.3981634299085986
-0.4026378821688927
-0.41077884671227427
-0.4132043930970568
-0.4205917408569059
-0.4242627346957727
-0.43267428816289216
-0.43704258767201115
-0.44519123869377986
-0.44758815445130984
-0.45441543307842136
-0.4564940398642991
-0.4639473494459772
-0.4683858894509858
-0.4765131535329432
-0.47896019932205464
-0.48680008333135294
-0.49275296202866686
-0.4978336687185194
-0.5066178852209063
-0.5115226971486442
-0.5202529519528732
-0.5228025511410295
-0.5301031571561616
-0.53229534045807
-0.5403988611071541
-0.5438912904779435
-0.5531905290553323
-0.5562269588579182
-0.5650978503045778
-0.5676746223067393
-0.5761490922233633
-0.5788306536694223
-0.5865274261116765
-0.5888955348778503
-0.5968008207007381
-0.5999106413784933
-0.6083323101561455
-0.6109908636512995
-0.6196220739782964
-0.6299652363243332
-0.6370266135885277
-0.6483661004116651
-0.65179811747014
-0.6613975607786687
-0.6641737652954571
-0.6728139412850275
-0.6755168176268055
-0.6767128440005015
-0.6849405509916845
-0.6882888299231917
-0.6980764087806935
-0.7028061907326281
-0.7138196410097133
-0.7263332913440972
-0.7351103345263461
-0.748108904394135
-0.7514152705176633
-0.7614664349607851