1.1411585492216223
1.570726563376206
1.5707958881354602
0.20377119414855738
1.5707963267943101
0.776884120954945
-0.08296127368615554
1.5707954400119193
0.07293562971097434
1.5707963267433005
0.8626977754064603
1.5707963267939975
1.570795866228487
0.2972752935103617
-0.13159734416679478
-0.010691420139661872
1.5707946221460682
0.041918228036048596
1.5707957424690226
1.5707939759366252
-0.24255790685215878
1.570796326042391
1.5707963267943101
-0.027940690938700777
1.57079632564197
1.5707963267015672
-0.0421730753161837
1.5707963267943101
0.17865722781393045
-0.0777170607208363
1.5707963267635683
1.5707963267710598
-0.22033907901566221
1.5707963267943101
0.6386948170740273
1.5707963267943101
0.2500890394821153
0.1620108594351817
1.5707632585134743
1.5707963267943101
-0.24512078002296966
-0.14272613901916245
1.5707963261918496
1.5707963264625484
-0.2334629969882694
1.5707822656562986
1.5707963230129574
-0.38812693855973845
1.5707963267943101
1.5707963267943101
0.6141639929271542
-0.28690912829275833
1.5707963267943101
1.5707963267943101
1.5707963267943101
-0.11451484201202587
-0.15812972467061637
1.570796324470006
1.5707963267943101
-0.32616316633168385
1.5707963267710652
1.5707963267943101
0.09387693637930111
-0.09902765843557744
1.5707962302506286
0.806618505949433
1.5707963267418519
-0.2536984837081323
1.570796258437742
0.2584677557655296
0.2414896162466783