0.1
0.10287628010738495
0.10529270674711386
0.10558986184413938
0.10583527226422616
0.10585667172611701
0.1062116257280988
0.10603878158907917
0.10518948261515713
0.10451581199467004
0.10310355601436479
0.10267032558428982
0.10136341999669306
0.10096811364564089
0.10046253218504674
0.09917654020056164
0.09805993043214055
0.09682600612891379
0.09395016752209204
0.09061260859430312
0.08527367204477461
0.07984071498567626
0.07625548334091814
0.07172242824777866
0.07163173094759581
0.06812682852698483
0.06582820759230476
0.06276484274756423
0.061943819677593416
0.05987833130865121
0.059252959919054285
0.05812764331854732
0.05633054825023518
0.05520854059700809
0.05234147339231743
0.05137768004766703
0.04906913731114935
0.04800460726174864
0.045375296577751835
0.04487298994732795
0.04199688495697327
0.040046481293486466
0.03578354590470323
0.0345676107244603
0.03015869463209297
0.023948779033542526
0.019014695788249738
0.012035101636328378
0.0072059636682473786
0.00630437661057408
0.003353697130148946
0.0026894230232345005
-0.000739445323948559
-0.006074660380393146
-0.006915990660026004
-0.012317476277897255
-0.013768361189990112
-0.01708891617741226
-0.01814919800673814
-0.020520306067319617
-0.02107783185907032
-0.022931199879244465
-0.02371759479014719
-0.02640957285085193
-0.027536875979017886
-0.03177874683862254
-0.037607905109374035
-0.04175767418176812
-0.047134731796947556
-0.05417075783919983
-0.059498289154679675
-0.06697899957072403
-0.06916227625048064
-0.07332863705303652
-0.07419740551106434
-0.07595309566789095
-0.07620751771115354
-0.07780245038289449
-0.080008072286707
-0.08431222216208265
-0.08751639827989352
-0.09225855391529719
-0.09448377845830162
-0.09801688003866335
-0.09886102521291776
-0.10163555770100668
-0.1032482201919286
-0.1072775831076901
-0.10948141406330435
-0.11315105230638149
-0.11400344810642579
-0.11629720449066007
-0.11701712714589807
-0.12019526624296628
-0.12246438273601662
-0.1263715978593981
-0.12735421414589415
-0.13096516504356506
-0.13427117984209663
-0.13700388282430895
-0.1415299572277156
-0.14422039216927873
-0.1485576745068682
-0.1495835139713925
-0.15237315871984825
-0.15323145149997253
-0.15705174008127792
-0.15897719575759034
-0.1640828153033979
-0.16566886132817515
-0.17018939386173615
-0.17148106296693624
-0.17548698751092728
-0.1766594634123775
-0.17986170611148103
-0.18081110235160777
-0.18437965807192483
-0.18595704472431732
-0.19008221836693326
-0.19127947358561914
-0.19564661609538048
-0.20181686310538885
-0.20636326428264543
-0.21331748926683733
-0.21519085530980706
-0.22001831283357792
-0.22132501725478554
-0.22503767882898246
-0.22607211686602166
-0.22649161642714902
-0.2298564320816625
-0.23150409207418807
-0.2366349921513261
-0.23918689377587446
-0.2455209846978815
-0.2533238058489852
-0.25904523062562046
-0.2669690902826529
-0.26872771412527685
-0.27316585653036063