-0.6201905457846728
0.5093630954904351
0.5255176513428144
0.9899956480254378
0.5467736761886383
0.3062650438861616
0.5667614768929803
0.5801402539354936
-0.9106381865312844
-0.989999997123467
-0.9899999698482506
-0.9899993454182952
-0.08945869723141385
0.5584873470506864
0.6369128889020897
0.6832015147434836
0.7371573631070629
0.7839967686733855
0.8909273529959423
0.5201078793139908
0.4922691972681815
0.9899999997623605
0.4008993295426178
0.6735474040141987
0.1751230111917063
0.016819840906306633
0.006598827904956085
-0.9899993182136898
0.5429194496590531
0.6017159115631499
0.6496051032616255
0.6750309142134068
0.6962520499007868
0.19761914639548997
0.7127451335228784
0.7256589266175291
-0.9899999688440773
0.7033583750828414
0.613444288340908
0.027502632657939993
0.3909029583788714
0.5586121466098836
0.6443887891367085
0.2641319940396374
0.5096497952260562
-0.13027880460840524
-0.06681618782977207
0.3262756470767918
0.9899978921652247
0.35462048572150806
0.0024994701165885046
0.3229810772313979
-0.07186754637668223
0.9899999913362013
0.9899856697535153
0.21364710595633024
0.48798226743029427
-0.06723232176945582
0.0890583417778317
0.9899994615379158
0.5359704199723564
0.03414933851569168
0.31849370090188633
0.9899999653179916
0.2600543004446739
0.5488799810793797
-0.03153996180788555
0.9899998191558974
0.9899999999994137
0.26568549536836744
0.31095513075021886
0.44214815737841184
-0.039434807750117574
0.4130809790701397
0.989999999819019
0.9899999994954872
0.6374409808390514
-0.00044833572560804143
0.9899999999994137
0.989999986021357
0.9899999999994137
0.9899999999665525
0.6244101955997764
0.014785613931070784
0.5620052289996555
0.5781883384113635
0.5945968588148028
0.6096783062400085
0.6205639660446742
0.5590552385099455
0.629501266861167
0.6366281534174851
0.6371920452513647
0.644192966020695
0.6449952986645967
0.6541693371571173
0.6566193408363681
0.6577028469442245
0.6641133983129809
0.6662124646526892
0.668813267780141
0.6674994189851307
0.67237742631274
-0.1935720141458987
0.21703659578538975
0.6650751625293259
0.6056962294093169
0.622078839324422
-0.04068317679578211
0.5959492825557903
-0.13294709292954154
0.6196534306343546
0.25404683859674465
-0.02194613143359142
0.5682272601075695
0.9899899350006247
0.6101375641593169
0.9899999999055298
-0.07730750424864892
0.6219407270527848