0.01
0.07195981219469633
0.1466315530151221
0.2056940722404249
0.2795346766842844
0.33079972448203643
0.4042662629022816
0.44543563354710736
0.5191610436862938
0.5598897666143028
0.6329384220515994
0.6777404604210537
0.7498954205768844
0.7920552100378884
0.8631501755181561
0.9028866355274796
0.9718854112586511
1.0099846886830488
1.0722425305664547
1.107587614932897
1.1579436571793627
1.1837792500834785
1.2116834188125203
1.2270785267608904
1.2625974693836182
1.296970821368234
1.3080410037885237
1.341206825875894
1.360142133508628
1.3915355943854548
1.397117257143595
1.42719535508542
1.450946757784848
1.4793155805487495
1.489209974382611
1.5164594125509192
1.5429722193500115
1.5688498642694615
1.5731622354284736
1.5984876668120047
1.6134804332877666
1.63827037788581
1.6628042547914677
1.6872022188907436
1.6912155095267318
1.7021064989235946
1.7283462301285826
1.754190981530379
1.7798723158061414
1.7842036701174335
1.8018949206167996
1.8316866399747593
1.8639187886475093
1.8983740501258848
1.9048062858691222
1.9239089024817997
1.9598634137674795
1.9792046620704495
1.988396619554519
2.024001705335293
2.031592721447324
2.065750685667954
2.0899689727907096
2.111354292184713
2.13207964029877
2.1568425679700836
2.1586139980597276
2.188715669294612
2.2042228213231634
2.206173271654064
2.2360375455149555
2.2596819894486484
2.2903518266006575
2.3089122660016144
2.33791506685415
2.3553861181586404
2.383679165422367
2.412124815033845
2.4187835290442683
2.448631504051365
2.4811720826799966
2.508827254160996
2.543977266434177
2.5779328533877135
2.5946964143713154
2.627356296971554
2.6474544598756395
2.6783198821794625
2.7083233655475767
2.7379557269973853
2.74309539475028
2.746084220231364
2.7769477317465485
2.807291853988099
2.84018169655646
2.87388602828357
2.879585043425088
2.908246406673622
2.9412363233882606
2.9736547394180373
2.9979984990694906
3.0310041770765417
3.0321050036614654
3.0665031750493785
3.1009939912268685
3.135534993000296
3.1416095166230478
3.175545319802077
3.2006907629607477
3.234255942627278
3.254679091473901
3.2885951037137406
3.321942684033853
3.332089693219882
3.364710626868285
3.384780033110094
3.417785806922957
3.452737444976275
3.4551613626412556
3.4903043987610913
3.524006689221803
3.5569470496617788
3.5624872194992787
3.5959908178921824
3.6207666163817818
3.6549534883120365
3.688729968718765
3.7115771491748966
3.7449538947685124
3.7777470069959462
3.8099841836507204
3.8103852217501473
3.843532561270142
3.8601035591183646
3.8852933248938877
3.9204568141884355
3.9543803395183983
3.987824272578938
3.993471260339788
4.0266760575252025
4.046414087997288
4.0799823768313335
4.107752889833308
4.143011518840013
4.17694797576174
4.204940040250512
4.238168460578992
4.257663380971667
4.2907302370058895
4.318509915582259
4.353158026948845
4.371132044921903
4.408768105481743
4.4285110069494324
4.462513687866483
4.495481676367905
4.514645542689484
4.516981499657107
4.5503360176624295
4.5685248687480895
4.5926048480276735
4.626216917530066
4.659249991887013
4.685739891424088
4.717766283346527
4.74923176613844
4.761414351519422
4.793706390944427
4.81540407551798
4.850962652264983
4.857676936418597
4.8932624624020935
4.927954319349048
4.961750577710238
4.967364048517395
5.004616678649467
5.031554105995574
5.081934930344338
5.117898928696304
5.181514863408716
5.22200034368048
5.294296770183744
5.342203534960564
5.347313273085554
5.419562120678479
5.458650217523406
5.529825158594312
5.58594142499413
5.655872093685796
5.7251288175747765
5.727280537759642
5.795897902947464
5.854409682208024
5.921928204504103
5.962268804357391
5.966253467634793
5.971271900469009
6.037820421703898
6.078839221244452
6.144669889676608
6.1865494730163855
6.251700354003079
6.310957670388746
6.375434080396682
6.389952056380552
6.454028784256469
6.491307896857082
6.5549595035432136
6.590044331414162
6.653323246751037
6.664200539898451
6.727224943882953
6.760195468051192
6.822944734332718
6.8603933432817845
6.92288591648609
6.985237108893966
7.00274725060677
7.0649410313998215
7.093769106276413
7.155780378726514
7.217681735287068
7.279495799731929
7.290360912585511
7.3530480077245155
7.392598441058893
7.458167762516241
7.500811133522594
7.524799716913681
7.592943140417217
7.630279185062462
7.697475511749632
7.764070616827268
7.814374567436039
7.880828883815861
7.921920166586946
7.988623089542826
8.002082107253354
8.069155409853074
8.111669942342514
8.179513325492712
8.24318936446106
8.310088418597253
8.376747736887852
8.44326909577453
8.454485192739867
8.52133107529389
8.588681506155371
8.613228495522712
8.680475005254445
8.718858799222089
8.785668073697694
8.827189083573705
8.893940466060473
8.906726459023155
8.973269362536065
9.021151458887587
9.088506076760593
9.156504600048596
9.189243498242442