-0.840050026400896
-0.5349354765113946
-0.2175167996136344
-0.3379556217512259
0.9022300849557452
0.9188970470704764
0.133360356056182
0.33642003774119617
0.31209729016692495
0.42827233231622447
0.3508079343446358
0.5791430355173159
0.20451008230137205
-0.9899998777572571
0.20954034727284915
-0.30906661917435074
0.9129266662343916
0.8576850985938435
0.685581287642493
0.9899887015117209
0.9899920466620875
0.9899999453739355
0.9899998089351194
0.9899999999828213
-0.0926603922961097
0.7672175992074157
0.2998147674656102
0.013706254769713343
0.8316720625831142
0.9899569839510416
0.2712227000784784
0.7571924469287035
0.9899959916119908
0.8848146393423127
-0.14887578176722902
0.9899999999961697
0.5735848320180182
0.5980395153660167
-0.14785312084783742
0.023269387711908524
0.9899999994448373
-0.9277779315140235
0.5964534326513061
0.2705919778929634
0.32149930098255186
-0.000793780910369015
-0.001383107561921485
0.012719332377722659
0.0004946937155131199
0.012430701211297534
0.003308723317282701
0.011752585563577755
0.9899884620549609
0.9899999552926755
0.24742647108729407
-0.008506003208282951
0.34827354270860894
0.9899997503172674
0.9899999998719892
0.8036869851565556
0.23968669534080086
0.475963294956705
0.2552201669517341
0.3372488199362738
0.29294938397331727
0.34277781654212597
0.9890718332438329
0.06343774924152931
0.004315536484077694
-0.0189944337851891
0.9899976750627861
0.9899962019116615
0.5231253739995398
0.43245088716083335
0.4508928268583797
0.989949991155005
0.9899998432234461
0.28295015966089165
0.9849873301355805
0.4430471009917728
0.5018059196477277
0.9899999999839564
0.5159414991624137
0.8300957216753265
0.5079439790664854
0.5168098581976323
0.5494726984329392
0.5690253489454878
0.5874081045343696
-0.3738756178982542
0.5994878640618364
0.6175021342242869
0.45776693689507225
-0.08019112393971334
0.6277614348029064
0.639863505412313
0.6525619096905441
0.6623895828211206
0.6688275203417843
0.6756862090609079
0.6820922301890452
0.6872281416196381
0.6925724661091808
0.6984618783050899
-0.9899999999994137
-0.9899999999974493
-0.9899999999994137
-0.989965043923044
0.7790313239645824
0.8676790008862224
-0.9808778776483287
-0.9899999991937123
-0.9899999987763449
0.9899999999936361
0.9899999735303157
0.433830435263244
0.9899999999990374
-0.9899999423817033
0.989999999955776
0.6666209066671402
0.43716953027130634
0.9899998795547823
0.9899999952916541
-0.9899999999961022
0.9718456380374406
0.9899999999992789
0.9899999983772053
0.9899999999322388
-0.9899999999918401
0.9899999967462558
-0.9899999998668857
0.9324564232551704
0.9871857627762862
0.989999999547052
0.6872607629643496
0.7798047550928944
0.8224552162718203
0.8901073488702567
0.9899999999948625
0.6909068099773289
0.6636368265311084
0.7077815606920526
0.8348405308199364
0.93711692044331
-0.9898769940817616
0.9899999999813448
-0.9899074592379572
-0.9899999999950146
0.989999999973438
0.9899990257948185
-0.9899999999885342
0.9894879116335096
0.989999999454402
0.9899999999126753
-0.9899999993243016
-0.8009170015813274
0.027236330139273776
0.9899999999993934
0.989999997793395
-0.7975406753438078
-0.9899999999634163
-0.6112525171331447
0.9844952736132767