1.8342183704683197
2.536185591368968
2.9156741238844885
2.787862472668862
3.1415834314706714
2.794564671068212
0.15263711888264597
0.34678230861046283
0.3787068942423945
0.44509521855129885
0.14402471699237404
0.6687023720808734
0.797765335359074
1.2983734431197353
-0.4237682594469773
2.8270619431040243
1.9740209820600794
3.1415924137578113
0.8773009150073736
3.0265737601439167
2.9389750761901485
3.0772698886797945
2.5514801320201315
-1.2472984724694214
3.1415926530882827
0.6990694311552988
0.5403844408326317
0.17997930369917367
3.14159265358906
0.8857518472012562
0.450889517778305
3.1415926535865486
0.8122401112935311
1.9165414182250664
3.141592653467634
3.14159265356471
0.7978323477824312
1.2260214987946378
3.141584474832119
0.09511733604474328
2.4631772899084696
2.892433329574242
1.2153683816677885
-0.4060998311131531
0.6657655274804255
0.21421676742712292
0.2057863452146651
0.26092327038666746
0.23829273531924472
0.2821983165309906
0.2708100876634849
0.304764594572152
2.506117227585512
2.4952629145627965
-0.29992030271048253
0.17120850523337486
0.8141380722867859
2.5969926835950488
2.7195832670326525
-0.9380997818972402
-0.2549952093874889
1.2932019916668265
-0.3536507925753288
0.7701835499796506
0.8522565489947169
3.141585618689893
2.841946225667803
0.5845252660851509
0.5947787471254322
0.5564421003695341
2.8520269410604566
-3.0654279353141454
1.0854152842978202
1.2141739394677014
1.2928889442083962
2.7092482147686274
2.7235030089531116
-0.1889312396974648
2.6270903729948216
1.30032044910662
1.4939173866375666
2.7866985080612547
-0.5350070476128067
2.16166511506463
1.5108893175715021
1.6001547861704701
1.7100617833956104
1.7796987903653052
1.8357122000245156
1.2458857831623518
1.8739385101768689
1.9268509111947603
1.8618469560834496
1.6140900158267344
1.942172869012036
1.994110323789309
2.0273916818957787
2.05204237710796
2.0712934959754135
2.0924035101609726
2.109308472130479
2.122642974107091
2.1381901586848957
2.1552508977822846
0.6554987135114996
0.6576361641529885
0.6939834366184974
1.9075818079726987
2.305252682781407
2.478382119572927
-1.1275089222950259
2.865510344069091
2.851264755294967
2.990633094404372
3.096054511324404
3.1415926535774745
3.1047278488290067
2.7161388780301605
3.0664890590226066
3.14159265350658
3.141592653588323
3.0792080214358015
3.1415925796227913
2.8754754673485854
2.9407845788383216
2.9595983339768774
3.0518074490296128
3.127054369291744
2.8215711582796374
2.9609080618303607
3.1316981315569756
2.700504346809531
2.87496348980363
-1.399307932552482
1.9888248556621164
2.25411486694935
2.38725077295247
2.564526306867618
-1.6705907645298237
1.6348886901496025
1.9253945152256984
2.1578236546277134
2.432744326297318
2.6670648838058404
-0.9204407494382234
3.060926978909546
-0.3803619983572573
2.9187279123627983
3.045048418621735
3.077810004671154
2.7863761939533016
2.9753323509952105
2.97944727023874
3.07270373744562
2.7802114870970773
1.41112344692162
0.9114181399530248
2.9210052770619828
3.0082619401198416
-1.3240328829974133
2.884154463952706
1.8521986686244423
-0.6203764487519257