0.01
0.052156749794385934
0.10006389969474119
0.1348877495318328
0.18149005651084013
0.2277561170168276
0.2430335139343696
0.28878281370364073
0.33405119998181854
0.3467553384347057
0.39153929613120675
0.4239890642859978
0.46827373357848545
0.5006529128053095
0.5445796471632987
0.5788060852530277
0.6233279084820783
0.6552824587123013
0.6590775649460834
0.6989752105758762
0.745298532017329
0.7926858241016845
0.841170831786331
0.8608596098256376
0.9107604021777748
0.9614737171798641
0.9683526422518357
1.0192228163719617
1.0621688629490806
1.1109510927297288
1.145202598046967
1.1911167292252072
1.2327685583647
1.2783394249909084
1.3086999597456515
1.3537033446138098
1.398696121997435
1.4342881332166748
1.4781931684667782
1.4965499446479007
1.5413304672222292
1.5693166415126767
1.6134292363178797
1.6470025831060482
1.6903957800590153
1.7333833046876554
1.7759648687495615
1.7862596028176194
1.8284301998105235
1.8703838240622495
1.9121231890495731
1.919910695529564
1.9624560304297056
1.9935391540877925
2.0309161386433754
2.034346476194276
2.0793316522709167
2.107522429653777
2.1525000089396515
2.19252201058786
2.237283568953207
2.279902079060711
2.28502447575695
2.329672802537867
2.3576637994056666
2.402390378462829
2.446819905320556
2.4732198835841546
2.4876462552686895
2.532580732612036
2.5774532979677027
2.6217774240247986
2.6666027930962946
2.6709542397817607
2.715623985933707
2.7599033192833
2.7918984547459558
2.835963910137662
2.8702890297159014
2.8737067803390874
2.9184847188728393
2.9471509396623876
2.9920349238793382
3.023191843320004
3.0680906565046744
3.112857848082569
3.157498394192502
3.1606191153866954
3.205263372234984
3.2500493929786143
3.294458218856225
3.3393787121032
3.384169018730049
3.428838185416363
3.429548444877871
3.474252294059707
3.5161997620315755
3.561088228230689
3.5759313002733952
3.620717665104831
3.659359591499626
3.704146645638633
3.748937557717222
3.751188615273778
3.7959577913296783
3.8406999433930236
3.8441323327293118
3.8888674101877694
3.918239816427552
3.962952721676703
3.9980622365990244
4.042741091285961
4.071961695261874
4.116611437986545
4.159158348685655
4.203701818558727
4.248100682003809
4.248394275300974
4.280510882810598
4.324916907861326
4.3496321070866
4.394392976807728
4.4067341512749
4.451365840101702
4.4957124926649294
4.538305340438953
4.5822518791726266
4.624560244852725
4.668122746403194
4.711441528917634
4.744510092018587
4.771742537966892
4.815806414993727
4.850529231375723
4.853677483869006
4.898320270401734
4.927760689432261
4.97253137108851
5.0170402763326445
5.061330606269155
5.079324143058591
5.12327419990657
5.166883922029209
5.170910477102643
5.173675276227703
5.2169988137025785
5.236340239230284
5.2795157550125165
5.307648380210013
5.351086918698397
5.378073550049905
5.398780715994727
5.442092686222306
5.47298317034792
5.512225800997634
5.554882103580507
5.586355962439187
5.628758163809052
5.665989969663381
5.691277477783775
5.732752134494396
5.760889296863801
5.802209238017403
5.832552092725976
5.874198256427085
5.905086832789788
5.947667850550623
5.990105155990211
6.0324088189000635
6.0490862988526635
6.090999728903025
6.132398510588786
6.173374877954197
6.175689820480292
6.216209380767272
6.256222979664055
6.295800510902017
6.308439713100163
6.347724744460475
6.387006509939241
6.426288229216925
6.441807103046781
6.481672900032561
6.500159891358131
6.540967341536379
6.581534481140008
6.62187513277106
6.637748099305759
6.677657029401058
6.705405547067055
6.7445521901050025
6.783239418617769
6.821553164350836
6.822250549579709
6.860192921655994
6.897751074606322
6.90902933647206
6.946148159613833
6.97389007611234
7.0104408478059375
7.037139877156215
7.039907256019729
7.076026477198829
7.102910224958739
7.13856184930902
7.173963854386675
7.18294294537963
7.218091127223639
7.2530841858163635
7.268148268165796
7.303364665954725
7.329505784128991
7.364977445553052
7.400202624860969
7.435231184961994
7.441758990480041
7.476578312324526
7.50207813871006
7.536585563377573
7.5602946404089755
7.594534407289569
7.598699547113774
7.632774250270811
7.657758055831489
7.691607863713947
7.716047498751842
7.7497028264628165
7.754570950668473
7.788107836014849
7.812718641560977
7.84609854838973
7.875183584970362
7.908414578849119
7.941571232177017
7.974667533944595
7.977822630081954
8.009756697843898
8.039372357582135
8.064863915530529
8.089792260312127
8.093177159344057
8.115247920204464
8.134788827864352
8.144575752133441
8.161179120359838
8.17272480651474
8.188468890629578
8.203713147774998
8.218619336499613
8.22459333111189
8.230549488970455
8.244041697077526
8.252477627725636
8.263259034805653
8.271612829776807
8.283529456561695
8.29279423832577
8.305412835696693
8.317860664923405
8.330165412727933
8.33198935158585
8.344157309066588
8.353666764656044
8.365697892812847
8.377810718549624
8.384833255185441
8.396958503111232
8.408941508489217
8.418191658926064
8.427303228724838
8.439488884083506
8.447816517921941
8.459841326796205
8.465335235548608
8.477388252615883
8.489523567582147
8.50174230950539
8.50666742119013
8.518883143313278
8.527657139018242
8.539635785293491
8.54581971714402
8.557980270982505
8.567506125590578
8.574651759317673
8.587396572436854
8.599970975992496
8.609316245546621
8.621658601502114
8.633857719794474
8.634787271779778
8.646845950814084
8.655719991704308
8.667924245991902
8.675484945804966
8.688282183045848
8.700906780558693
8.71338477810722
8.713425122281777
8.726169592468027
8.739538790068053
8.752625399020138
8.766733719140277
8.78057245937012
8.79284334161175
8.806307889786797
8.819595430851887
8.832710117460277
8.837844955324027
8.851729401619753
8.867398632512066
8.874349718855722
8.891283417710161
8.907643221370185
8.92369556577952
8.928146618821044
8.944024653354573
8.952163862421425
8.967458215797514
8.975295168952822
8.990065731942218
9.004490845972775
9.018631419390209
9.024336775311948
9.038984393853235
9.054874591494023
9.07196314757419
9.079159172371606
9.097129534711806
9.114857755149629
9.122968267972206
9.140475207209237
9.151379646266694
9.168046509060815
9.184134419816845
9.199856118228617
9.19994270082897
9.215370543700143
9.2303695873102
9.245034630588254
9.250946756649581
9.265348985613478
9.279484794931156
9.293383525089764
9.295575023600634
9.302771194063665
9.314997580075456
9.324077444085628
9.327005780869518
9.338620915500307
9.34936957757257
9.36181576541991
9.368337416277273
9.3805649495047
9.385538436831615
9.397956015668798
9.398006993545497
9.403440032527136
9.416009772147577
9.428440183933816
9.428443272037732
9.440752588214732
9.449720406601873
9.462172229345857
9.462668058480219
9.46351741841469
9.464344780514397
9.477150894101719
9.48942912298084
9.501959373934945
9.510575900281141
9.521688377480848
9.526544975936611
9.535452935919022
9.54294336384593
9.548571155626776